---
build/assets/img/cinema/bghome.png: 2018-05-23 09:25:21.694593729 +00:00
build/assets/img/cinema/bgsites.png: 2018-05-23 09:25:13.950783761 +00:00
build/assets/img/cinema/cssowl-code.png: 2018-05-23 09:25:02.587062526 +00:00
build/assets/img/cinema/spriteowl-extension-colors.png: 2018-05-23 09:25:20.846614541
  +00:00
build/assets/img/content/tree-owl.png: 2018-05-23 09:25:15.586743619 +00:00
build/assets/img/favicon.png: 2018-05-23 09:25:10.978856677 +00:00
build/assets/img/fetchapp/owl-stars-logo.png: 2018-05-23 09:25:02.287069884 +00:00
build/assets/img/site/sprite.png: 2018-05-23 09:25:19.806640065 +00:00
build/assets/img/site/sprite@2x.png: 2018-05-23 09:25:31.758346688 +00:00
build/assets/img/site/bg.gif: 2018-05-23 09:24:38.111662528 +00:00
build/assets/img/site/bgdark.gif: 2018-05-23 09:24:38.335657039 +00:00
build/apple-touch-icon-152x152-precomposed.png: 2018-05-23 09:25:12.082829592 +00:00
build/apple-touch-icon-144x144-precomposed.png: 2018-05-23 09:25:11.654840093 +00:00
build/apple-touch-icon-120x120-precomposed.png: 2018-05-23 09:25:12.674815068 +00:00
build/apple-touch-icon-114x114-precomposed.png: 2018-05-23 09:25:12.130828414 +00:00
build/apple-touch-icon-76x76-precomposed.png: 2018-05-23 09:25:11.774837149 +00:00
build/apple-touch-icon-72x72-precomposed.png: 2018-05-23 09:25:10.150876990 +00:00
build/apple-touch-icon-60x60-precomposed.png: 2018-05-23 09:25:12.590817129 +00:00
build/apple-touch-icon-57x57-precomposed.png: 2018-05-23 09:25:11.698839013 +00:00
build/apple-touch-icon-precomposed.png: 2018-05-23 09:25:11.082854126 +00:00
build/apple-touch-icon.png: 2018-05-23 09:25:11.778837050 +00:00
build/favicon-196x196.png: 2018-05-23 09:25:10.282873752 +00:00
build/favicon-160x160.png: 2018-05-23 09:25:12.558817914 +00:00
build/favicon-96x96.png: 2018-05-23 09:25:10.462869336 +00:00
build/favicon-32x32.png: 2018-05-23 09:25:12.130828414 +00:00
build/favicon-16x16.png: 2018-05-23 09:25:11.714838621 +00:00
build/favicon.png: 2018-05-23 09:25:12.582817325 +00:00
build/mstile-70x70.png: 2018-05-23 09:25:12.546818208 +00:00
build/mstile-144x144.png: 2018-05-23 09:25:11.994831751 +00:00
build/mstile-150x150.png: 2018-05-23 09:25:11.918833616 +00:00
build/mstile-310x310.png: 2018-05-23 09:25:11.958832634 +00:00
build/mstile-310x150.png: 2018-05-23 09:25:11.786836854 +00:00
